Sensor Model:   CX-1050-CU-HT-1.4L
Serial Number:  X186276
Data Format:    4      (Log Ohms/Kelvin)
SetPoint Limit: 325.0      (Kelvin)
Temperature coefficient:  1 (Negative)
Number of Breakpoints:   148

No.   Units      Temperature (K)

  1  1.87267       330.324
  2  1.87891       325.000
  3  1.88611       319.000
  4  1.89284       313.500
  5  1.89971       308.000
  6  1.90672       302.500
  7  1.91387       297.000
  8  1.92118       291.500
  9  1.92864       286.000
 10  1.93627       280.500
 11  1.94406       275.000
 12  1.95202       269.500
 13  1.96017       264.000
 14  1.96849       258.500
 15  1.97701       253.000
 16  1.98573       247.500
 17  1.99465       242.000
 18  2.00378       236.500
 19  2.01313       231.000
 20  2.02183       226.000
 21  2.03073       221.000
 22  2.03983       216.000
 23  2.04914       211.000
 24  2.05866       206.000
 25  2.06842       201.000
 26  2.07841       196.000
 27  2.08864       191.000
 28  2.09913       186.000
 29  2.10989       181.000
 30  2.12092       176.000
 31  2.13225       171.000
 32  2.14271       166.500
 33  2.15343       162.000
 34  2.16441       157.500
 35  2.17568       153.000
 36  2.18725       148.500
 37  2.19914       144.000
 38  2.21136       139.500
 39  2.22393       135.000
 40  2.23688       130.500
 41  2.24873       126.500
 42  2.26090       122.500
 43  2.27343       118.500
 44  2.28633       114.500
 45  2.29964       110.500
 46  2.31337       106.500
 47  2.32758       102.500
 48  2.33858        99.500
 49  2.34795        97.000
 50  2.35755        94.500
 51  2.36737        92.000
 52  2.37744        89.500
 53  2.38776        87.000
 54  2.39836        84.500
 55  2.40924        82.000
 56  2.42043        79.500
 57  2.43196        77.000
 58  2.44144        75.000
 59  2.45114        73.000
 60  2.46110        71.000
 61  2.47133        69.000
 62  2.48183        67.000
 63  2.49264        65.000
 64  2.50376        63.000
 65  2.51522        61.000
 66  2.52704        59.000
 67  2.53801        57.200
 68  2.54932        55.400
 69  2.56098        53.600
 70  2.57302        51.800
 71  2.58547        50.000
 72  2.59836        48.200
 73  2.61171        46.400
 74  2.62402        44.800
 75  2.63675        43.200
 76  2.64994        41.600
 77  2.66450        39.900
 78  2.67876        38.300
 79  2.69267        36.800
 80  2.70713        35.300
 81  2.72220        33.800
 82  2.73688        32.400
 83  2.75216        31.000
 84  2.76814        29.600
 85  2.78366        28.300
 86  2.79988        27.000
 87  2.81689        25.700
 88  2.83338        24.500
 89  2.85067        23.300
 90  2.86890        22.100
 91  2.88652        21.000
 92  2.90168        20.100
 93  2.91396        19.400
 94  2.92578        18.750
 95  2.93804        18.100
 96  2.95078        17.450
 97  2.96302        16.850
 98  2.97573        16.250
 99  2.98898        15.650
100  3.00165        15.100
101  3.01485        14.550
102  3.02863        14.000
103  3.04302        13.450
104  3.05672        12.950
105  3.07106        12.450
106  3.08612        11.950
107  3.10195        11.450
108  3.11695        11.000
109  3.13269        10.550
110  3.14930        10.100
111  3.16685         9.650
112  3.18337         9.250
113  3.20079         8.850
114  3.21927         8.450
115  3.23892         8.050
116  3.25989         7.650
117  3.27952         7.300
118  3.30040         6.950
119  3.32277         6.600
120  3.34682         6.250
121  3.37283         5.900
122  3.39854         5.580
123  3.42465         5.280
124  3.45098         5.000
125  3.47949         4.720
126  3.51056         4.440
127  3.54211         4.180
128  3.56987         3.970
129  3.59388         3.800
130  3.61954         3.630
131  3.64705         3.460
132  3.67490         3.300
133  3.70484         3.140
134  3.73721         2.980
135  3.77013         2.830
136  3.80338         2.690
137  3.83943         2.550
138  3.87878         2.410
139  3.91878         2.280
140  3.96255         2.150
141  4.00704         2.030
142  4.05586         1.910
143  4.10996         1.790
144  4.16507         1.680
145  4.22617         1.570
146  4.28838         1.470
147  4.33692         1.400
148  4.50350         1.196
