Sensor Model:   CX-1050-SD-HT-1.4L
Serial Number:  X186279
Data Format:    4      (Log Ohms/Kelvin)
SetPoint Limit: 325.0      (Kelvin)
Temperature coefficient:  1 (Negative)
Number of Breakpoints:   149

No.   Units      Temperature (K)

  1  1.82643       330.010
  2  1.83215       325.000
  3  1.83917       319.000
  4  1.84574       313.500
  5  1.85245       308.000
  6  1.85930       302.500
  7  1.86629       297.000
  8  1.87343       291.500
  9  1.88073       286.000
 10  1.88818       280.500
 11  1.89581       275.000
 12  1.90360       269.500
 13  1.91157       264.000
 14  1.91972       258.500
 15  1.92806       253.000
 16  1.93660       247.500
 17  1.94534       242.000
 18  1.95429       236.500
 19  1.96262       231.500
 20  1.97113       226.500
 21  1.97984       221.500
 22  1.98874       216.500
 23  1.99785       211.500
 24  2.00718       206.500
 25  2.01673       201.500
 26  2.02651       196.500
 27  2.03653       191.500
 28  2.04681       186.500
 29  2.05734       181.500
 30  2.06815       176.500
 31  2.07925       171.500
 32  2.08950       167.000
 33  2.10000       162.500
 34  2.11076       158.000
 35  2.12180       153.500
 36  2.13313       149.000
 37  2.14477       144.500
 38  2.15674       140.000
 39  2.16905       135.500
 40  2.18172       131.000
 41  2.19331       127.000
 42  2.20522       123.000
 43  2.21747       119.000
 44  2.23008       115.000
 45  2.24309       111.000
 46  2.25650       107.000
 47  2.27037       103.000
 48  2.28111       100.000
 49  2.29026        97.500
 50  2.29961        95.000
 51  2.30919        92.500
 52  2.31901        90.000
 53  2.32907        87.500
 54  2.33939        85.000
 55  2.34999        82.500
 56  2.36088        80.000
 57  2.37209        77.500
 58  2.38131        75.500
 59  2.39074        73.500
 60  2.40041        71.500
 61  2.41034        69.500
 62  2.42053        67.500
 63  2.43102        65.500
 64  2.44180        63.500
 65  2.45291        61.500
 66  2.46495        59.400
 67  2.47559        57.600
 68  2.48655        55.800
 69  2.49786        54.000
 70  2.50952        52.200
 71  2.52158        50.400
 72  2.53405        48.600
 73  2.54697        46.800
 74  2.55887        45.200
 75  2.57116        43.600
 76  2.58390        42.000
 77  2.59711        40.400
 78  2.61082        38.800
 79  2.62509        37.200
 80  2.63902        35.700
 81  2.65350        34.200
 82  2.66861        32.700
 83  2.68334        31.300
 84  2.69869        29.900
 85  2.71476        28.500
 86  2.73039        27.200
 87  2.74675        25.900
 88  2.76259        24.700
 89  2.77920        23.500
 90  2.79667        22.300
 91  2.81356        21.200
 92  2.83134        20.100
 93  2.83562        19.850
 94  2.84411        19.350
 95  2.85556        18.700
 96  2.86743        18.050
 97  2.87977        17.400
 98  2.89163        16.800
 99  2.90394        16.200
100  2.91678        15.600
101  2.92905        15.050
102  2.94182        14.500
103  2.95514        13.950
104  2.96776        13.450
105  2.98094        12.950
106  2.99476        12.450
107  3.00925        11.950
108  3.02447        11.450
109  3.03889        11.000
110  3.05402        10.550
111  3.06998        10.100
112  3.08684         9.650
113  3.10271         9.250
114  3.11943         8.850
115  3.13716         8.450
116  3.15601         8.050
117  3.17612         7.650
118  3.19493         7.300
119  3.21493         6.950
120  3.23636         6.600
121  3.25937         6.250
122  3.28424         5.900
123  3.30882         5.580
124  3.33376         5.280
125  3.36074         4.980
126  3.38814         4.700
127  3.41792         4.420
128  3.44820         4.160
129  3.47481         3.950
130  3.49923         3.770
131  3.52397         3.600
132  3.55046         3.430
133  3.57730         3.270
134  3.60616         3.110
135  3.63539         2.960
136  3.66693         2.810
137  3.70121         2.660
138  3.73608         2.520
139  3.77406         2.380
140  3.81272         2.250
141  3.85498         2.120
142  3.90159         1.990
143  3.94916         1.870
144  4.00173         1.750
145  4.05540         1.640
146  4.11509         1.530
147  4.17650         1.430
148  4.19724         1.400
149  4.34973         1.201
