Sensor Model:   CX-1050-SD-HT-1.4L
Serial Number:  X186275
Data Format:    4      (Log Ohms/Kelvin)
SetPoint Limit: 325.0      (Kelvin)
Temperature coefficient:  1 (Negative)
Number of Breakpoints:   147

No.   Units      Temperature (K)

  1  1.82232       330.039
  2  1.82803       325.000
  3  1.83499       319.000
  4  1.84151       313.500
  5  1.84816       308.000
  6  1.85495       302.500
  7  1.86189       297.000
  8  1.86897       291.500
  9  1.87620       286.000
 10  1.88360       280.500
 11  1.89115       275.000
 12  1.89888       269.500
 13  1.90678       264.000
 14  1.91486       258.500
 15  1.92312       253.000
 16  1.93158       247.500
 17  1.94024       242.000
 18  1.94911       236.500
 19  1.95737       231.500
 20  1.96580       226.500
 21  1.97443       221.500
 22  1.98325       216.500
 23  1.99227       211.500
 24  2.00151       206.500
 25  2.01097       201.500
 26  2.02066       196.500
 27  2.03059       191.500
 28  2.04077       186.500
 29  2.05120       181.500
 30  2.06191       176.500
 31  2.07289       171.500
 32  2.08304       167.000
 33  2.09343       162.500
 34  2.10409       158.000
 35  2.11501       153.500
 36  2.12623       149.000
 37  2.13775       144.500
 38  2.14960       140.000
 39  2.16178       135.500
 40  2.17431       131.000
 41  2.18579       127.000
 42  2.19757       123.000
 43  2.20969       119.000
 44  2.22218       115.000
 45  2.23505       111.000
 46  2.24832       107.000
 47  2.26204       103.000
 48  2.27266       100.000
 49  2.28171        97.500
 50  2.29097        95.000
 51  2.30045        92.500
 52  2.31015        90.000
 53  2.32010        87.500
 54  2.33030        85.000
 55  2.34078        82.500
 56  2.35155        80.000
 57  2.36262        77.500
 58  2.37403        75.000
 59  2.38343        73.000
 60  2.39304        71.000
 61  2.40292        69.000
 62  2.41306        67.000
 63  2.42349        65.000
 64  2.43423        63.000
 65  2.44529        61.000
 66  2.45669        59.000
 67  2.46847        57.000
 68  2.47941        55.200
 69  2.49069        53.400
 70  2.50234        51.600
 71  2.51437        49.800
 72  2.52683        48.000
 73  2.53973        46.200
 74  2.55163        44.600
 75  2.56391        43.000
 76  2.57665        41.400
 77  2.59070        39.700
 78  2.60445        38.100
 79  2.61786        36.600
 80  2.63179        35.100
 81  2.64631        33.600
 82  2.66043        32.200
 83  2.67513        30.800
 84  2.69050        29.400
 85  2.70542        28.100
 86  2.72101        26.800
 87  2.73735        25.500
 88  2.75318        24.300
 89  2.76978        23.100
 90  2.78727        21.900
 91  2.80418        20.800
 92  2.81790        19.950
 93  2.82879        19.300
 94  2.84005        18.650
 95  2.85172        18.000
 96  2.86386        17.350
 97  2.87550        16.750
 98  2.88759        16.150
 99  2.90018        15.550
100  2.91221        15.000
101  2.92473        14.450
102  2.93781        13.900
103  2.95150        13.350
104  2.96453        12.850
105  2.97814        12.350
106  2.99243        11.850
107  3.00745        11.350
108  3.02167        10.900
109  3.03660        10.450
110  3.05235        10.000
111  3.06900         9.550
112  3.08466         9.150
113  3.10118         8.750
114  3.11869         8.350
115  3.13732         7.950
116  3.15720         7.550
117  3.17581         7.200
118  3.19560         6.850
119  3.21681         6.500
120  3.23962         6.150
121  3.26281         5.820
122  3.28709         5.500
123  3.31173         5.200
124  3.33840         4.900
125  3.36551         4.620
126  3.39501         4.340
127  3.42502         4.080
128  3.45013         3.880
129  3.47430         3.700
130  3.49879         3.530
131  3.52505         3.360
132  3.55169         3.200
133  3.58037         3.040
134  3.60946         2.890
135  3.64091         2.740
136  3.67282         2.600
137  3.70744         2.460
138  3.74533         2.320
139  3.78392         2.190
140  3.82622         2.060
141  3.86929         1.940
142  3.91663         1.820
143  3.96925         1.700
144  4.02309         1.590
145  4.07761         1.490
146  4.13278         1.400
147  4.42231         1.048
