Sensor Model:   CX-1050-SD-HT-1.4L
Serial Number:  X189259
Data Format:    4      (Log Ohms/Kelvin)
SetPoint Limit: 325.0      (Kelvin)
Temperature coefficient:  1 (Negative)
Number of Breakpoints:   148

No.   Units      Temperature (K)

  1  1.82520       330.072
  2  1.83099       325.000
  3  1.83801       319.000
  4  1.84458       313.500
  5  1.85129       308.000
  6  1.85814       302.500
  7  1.86514       297.000
  8  1.87229       291.500
  9  1.87960       286.000
 10  1.88707       280.500
 11  1.89470       275.000
 12  1.90251       269.500
 13  1.91049       264.000
 14  1.91866       258.500
 15  1.92701       253.000
 16  1.93557       247.500
 17  1.94432       242.000
 18  1.95329       236.500
 19  1.96164       231.500
 20  1.97017       226.500
 21  1.97889       221.500
 22  1.98782       216.500
 23  1.99696       211.500
 24  2.00632       206.500
 25  2.01590       201.500
 26  2.02572       196.500
 27  2.03579       191.500
 28  2.04611       186.500
 29  2.05670       181.500
 30  2.06757       176.500
 31  2.07761       172.000
 32  2.08789       167.500
 33  2.09844       163.000
 34  2.10926       158.500
 35  2.12036       154.000
 36  2.13176       149.500
 37  2.14347       145.000
 38  2.15552       140.500
 39  2.16792       136.000
 40  2.17927       132.000
 41  2.19091       128.000
 42  2.20289       124.000
 43  2.21522       120.000
 44  2.22792       116.000
 45  2.24102       112.000
 46  2.25455       108.000
 47  2.26678       104.500
 48  2.27936       101.000
 49  2.29049        98.000
 50  2.29999        95.500
 51  2.30971        93.000
 52  2.31968        90.500
 53  2.32991        88.000
 54  2.34040        85.500
 55  2.35118        83.000
 56  2.36227        80.500
 57  2.37368        78.000
 58  2.38307        76.000
 59  2.39268        74.000
 60  2.40254        72.000
 61  2.41267        70.000
 62  2.42307        68.000
 63  2.43377        66.000
 64  2.44478        64.000
 65  2.45613        62.000
 66  2.46783        60.000
 67  2.47869        58.200
 68  2.48988        56.400
 69  2.50141        54.600
 70  2.51332        52.800
 71  2.52563        51.000
 72  2.53837        49.200
 73  2.55157        47.400
 74  2.56372        45.800
 75  2.57628        44.200
 76  2.58929        42.600
 77  2.60278        41.000
 78  2.61679        39.400
 79  2.63043        37.900
 80  2.64461        36.400
 81  2.65936        34.900
 82  2.67473        33.400
 83  2.68971        32.000
 84  2.70531        30.600
 85  2.72163        29.200
 86  2.73750        27.900
 87  2.75408        26.600
 88  2.77148        25.300
 89  2.78835        24.100
 90  2.80606        22.900
 91  2.82472        21.700
 92  2.84279        20.600
 93  2.85746        19.750
 94  2.86911        19.100
 95  2.88116        18.450
 96  2.89367        17.800
 97  2.90567        17.200
 98  2.91811        16.600
 99  2.93105        16.000
100  2.94453        15.400
101  2.95742        14.850
102  2.97084        14.300
103  2.98485        13.750
104  2.99951        13.200
105  3.01348        12.700
106  3.02808        12.200
107  3.04342        11.700
108  3.05954        11.200
109  3.07483        10.750
110  3.09089        10.300
111  3.10783         9.850
112  3.12576         9.400
113  3.14264         9.000
114  3.16046         8.600
115  3.17938         8.200
116  3.19952         7.800
117  3.21831         7.450
118  3.23825         7.100
119  3.25956         6.750
120  3.28238         6.400
121  3.30697         6.050
122  3.33044         5.740
123  3.35487         5.440
124  3.38122         5.140
125  3.40983         4.840
126  3.43893         4.560
127  3.46831         4.300
128  3.50032         4.040
129  3.52720         3.840
130  3.55160         3.670
131  3.57770         3.500
132  3.60576         3.330
133  3.63422         3.170
134  3.66293         3.020
135  3.69386         2.870
136  3.72738         2.720
137  3.76139         2.580
138  3.79835         2.440
139  3.83881         2.300
140  3.88008         2.170
141  3.92536         2.040
142  3.97153         1.920
143  4.02236         1.800
144  4.07408         1.690
145  4.13133         1.580
146  4.18956         1.480
147  4.24168         1.400
148  4.39905         1.197
