Sensor Model:   CX-1030-CU-HT-1.4L
Serial Number:  X207058
Data Format:    4      (Log Ohms/Kelvin)
SetPoint Limit: 325      (Kelvin)
Temperature coefficient:  1 (Negative)
Number of Breakpoints:   145

No.   Units      Temperature (K)

  1  1.66603       330.071
  2  1.67033       325.000
  3  1.67469       320.000
  4  1.68359       310.000
  5  1.68770       305.500
  6  1.69285       300.000
  7  1.69810       294.500
  8  1.70297       289.500
  9  1.70846       284.000
 10  1.71508       277.500
 11  1.72079       272.000
 12  1.72611       267.000
 13  1.73211       261.500
 14  1.73881       255.500
 15  1.74508       250.000
 16  1.75090       245.000
 17  1.75685       240.000
 18  1.76294       235.000
 19  1.76917       230.000
 20  1.77552       225.000
 21  1.78201       220.000
 22  1.78865       215.000
 23  1.79545       210.000
 24  1.80241       205.000
 25  1.81024       199.500
 26  1.81752       194.500
 27  1.82422       190.000
 28  1.83108       185.500
 29  1.83889       180.500
 30  1.84688       175.500
 31  1.85508       170.500
 32  1.86350       165.500
 33  1.87214       160.500
 34  1.88101       155.500
 35  1.88921       151.000
 36  1.89761       146.500
 37  1.90625       142.000
 38  1.91512       137.500
 39  1.92423       133.000
 40  1.93360       128.500
 41  1.94323       124.000
 42  1.95203       120.000
 43  1.96108       116.000
 44  1.97040       112.000
 45  1.98000       108.000
 46  1.98990       104.000
 47  1.99883       100.500
 48  2.00668        97.500
 49  2.01338        95.000
 50  2.02023        92.500
 51  2.02724        90.000
 52  2.03442        87.500
 53  2.04176        85.000
 54  2.04928        82.500
 55  2.05700        80.000
 56  2.06493        77.500
 57  2.07308        75.000
 58  2.08147        72.500
 59  2.08837        70.500
 60  2.09543        68.500
 61  2.10267        66.500
 62  2.11010        64.500
 63  2.11773        62.500
 64  2.12558        60.500
 65  2.13323        58.600
 66  2.14151        56.600
 67  2.15005        54.600
 68  2.15887        52.600
 69  2.16798        50.600
 70  2.17739        48.600
 71  2.18615        46.800
 72  2.19519        45.000
 73  2.20456        43.200
 74  2.21425        41.400
 75  2.22430        39.600
 76  2.23356        38.000
 77  2.24316        36.400
 78  2.25311        34.800
 79  2.26281        33.300
 80  2.27288        31.800
 81  2.28267        30.400
 82  2.29285        29.000
 83  2.30344        27.600
 84  2.31453        26.200
 85  2.32526        24.900
 86  2.33480        23.800
 87  2.34668        22.500
 88  2.35818        21.300
 89  2.36933        20.200
 90  2.37781        19.400
 91  2.38440        18.800
 92  2.39181        18.150
 93  2.39950        17.500
 94  2.40686        16.900
 95  2.41452        16.300
 96  2.42251        15.700
 97  2.43084        15.100
 98  2.43882        14.550
 99  2.44715        14.000
100  2.45588        13.450
101  2.46421        12.950
102  2.47292        12.450
103  2.48206        11.950
104  2.49072        11.500
105  2.49980        11.050
106  2.50938        10.600
107  2.51949        10.150
108  2.53019         9.700
109  2.54027         9.300
110  2.55092         8.900
111  2.56223         8.500
112  2.57429         8.100
113  2.58553         7.750
114  2.59746         7.400
115  2.61019         7.050
116  2.62380         6.700
117  2.63844         6.350
118  2.65196         6.050
119  2.66590         5.760
120  2.68143         5.460
121  2.69821         5.160
122  2.71645         4.860
123  2.73495         4.580
124  2.75358         4.320
125  2.77398         4.060
126  2.79195         3.850
127  2.80748         3.680
128  2.82410         3.510
129  2.84194         3.340
130  2.85995         3.180
131  2.87945         3.020
132  2.90046         2.860
133  2.92181         2.710
134  2.94496         2.560
135  2.96842         2.420
136  2.99396         2.280
137  3.02194         2.140
138  3.05044         2.010
139  3.07927         1.890
140  3.10843         1.780
141  3.14067         1.670
142  3.17634         1.560
143  3.21580         1.450
144  3.23553         1.400
145  3.32562         1.200
